809	301	4
2987	301	5
2158	301	6
223	301	6
942	301	7
204	301	10
3759	301	14
2408	301	15
2679	302	7
1324	302	8
2336	302	10
101	302	11
1379	302	14
2433	302	16
3205	302	19
3315	303	6
2876	303	6
2261	303	7
1685	303	7
2817	303	9
1558	303	15
2784	303	19
485	303	24
3430	304	4
1458	304	4
3143	304	5
2188	304	6
2802	304	7
1248	304	10
716	304	11
1372	304	11
1915	305	5
2957	305	5
1292	305	7
2249	305	9
2210	305	9
3710	305	10
2021	305	12
3644	305	12
515	305	12
1250	305	14
2706	305	17
2149	305	20
977	306	4
1698	306	7
1547	306	9
155	306	11
1752	306	13
2702	306	14
1304	306	14
1533	306	17
2010	307	4
3614	307	5
2948	307	5
2847	307	10
337	307	12
1980	307	13
3148	308	5
1114	308	5
456	308	6
1707	308	11
1299	308	12
1355	308	13
3657	308	14
2839	308	14
445	308	16
3513	309	4
1538	309	5
2655	309	5
3059	309	5
2669	309	5
3063	309	5
2907	309	5
2447	309	5
1039	309	6
110	309	10
997	309	10
2437	309	12
2392	309	13
3039	309	22
2659	310	4
1436	310	5
3256	310	5
343	310	7
70	310	8
3120	310	9
1010	310	11
2676	310	11
2421	310	11
3652	310	11
2360	310	12
590	311	5
3167	311	6
3560	311	7
699	311	9
1027	311	10
3432	311	10
637	312	4
2578	312	5
226	312	5
2845	312	5
578	312	8
2403	312	9
1381	312	9
1694	312	10
151	312	12
1337	312	12
1794	312	13
3603	312	15
1246	313	4
1553	313	4
827	313	5
3817	313	6
1314	313	6
321	313	9
2311	313	10
1923	313	11
2811	313	13
1958	313	13
3021	313	16
2979	314	4
1770	314	5
1442	314	5
653	314	5
544	314	6
3431	314	7
2952	314	9
567	314	10
2914	314	11
3682	314	13
1777	314	14
959	315	6
2969	315	10
2597	315	11
2606	315	14
2285	315	16
1589	316	4
3386	316	5
2660	316	5
2675	316	5
3165	316	5
2822	316	7
1128	316	10
2841	316	10
1810	316	11
1826	317	4
3013	317	4
3696	317	4
3417	317	5
2483	317	7
1902	317	8
1291	317	9
1350	317	12
1956	317	14
1866	317	14
3028	318	4
2758	318	4
2634	318	4
2071	318	4
3147	318	5
3332	318	5
504	318	5
2018	318	5
1378	318	7
3481	318	8
3721	318	27
3805	319	4
2172	319	5
898	319	6
491	319	10
1105	319	11
1347	319	13
3338	319	19
400	320	4
556	320	6
413	320	9
1885	320	14
746	320	14
3171	321	4
576	321	4
1516	321	4
1936	321	4
710	321	5
3573	321	5
2397	321	6
2911	321	7
2138	321	10
1841	321	15
2771	321	18
3473	322	7
3757	322	9
1989	322	10
414	322	14
3365	323	5
3363	323	5
3398	323	5
732	323	5
1806	323	7
2646	323	7
469	323	8
1999	323	8
2826	323	8
1055	324	4
3178	324	4
3182	324	5
2783	324	8
1988	324	10
394	324	11
1329	324	12
2683	324	13
1830	324	14
3434	324	15
444	325	4
3125	325	5
858	325	5
711	325	5
2552	325	7
2309	325	9
656	325	9
1684	325	10
3295	325	10
1876	325	10
1981	325	11
3389	325	11
85	325	12
1818	325	14
2186	325	14
454	325	24
480	325	25
1212	326	4
602	326	4
2586	326	4
3667	326	4
2912	326	4
1414	326	5
552	326	5
1814	326	10
1127	326	13
3633	326	25
3162	327	4
55	327	5
3406	327	5
3342	327	6
723	327	6
528	327	7
3229	327	7
3214	327	8
1416	327	8
517	327	10
1453	327	13
3106	328	5
3318	328	5
580	328	5
2767	328	6
3537	328	6
1919	328	7
1647	328	9
1211	328	10
13	328	13
2701	328	13
2696	328	13
2148	328	14
726	328	22
2522	328	25
1847	329	4
2592	329	4
2638	329	4
3742	329	4
2024	329	4
2929	329	5
3711	329	5
2093	329	6
2260	329	6
1960	329	8
1052	329	9
2344	329	10
194	329	11
1297	329	14
3779	329	20
3479	329	28
1869	330	4
527	330	4
1290	330	5
1599	330	5
2375	330	7
1603	330	9
834	330	10
162	330	11
1680	330	11
1288	330	12
2594	330	13
3554	331	4
3425	331	4
3687	331	4
3132	331	5
1626	331	5
2978	331	5
1226	331	6
1035	331	7
3218	331	8
197	331	11
1346	331	14
1721	331	14
3234	331	18
593	331	20
1870	332	4
3748	332	4
3053	332	4
3620	332	5
3449	332	5
3265	332	5
1227	332	5
322	332	6
193	332	8
2717	332	9
1294	332	9
2540	332	10
1996	332	10
1419	332	11
3223	332	12
149	332	17
1907	333	4
871	333	4
1474	333	4
1807	333	5
1532	333	5
166	333	6
2126	333	6
3303	333	6
1328	333	9
2166	333	10
263	333	11
2494	333	12
3394	333	17
564	334	4
1262	334	4
1470	334	6
69	334	7
214	334	7
1862	334	7
173	334	7
2053	334	7
1651	334	9
342	334	9
3450	334	9
2763	334	9
1506	334	10
3056	334	11
2139	334	12
3192	334	13
1081	334	14
1452	334	14
192	334	23
2128	335	4
1967	335	6
2904	335	7
759	335	7
2890	335	8
341	335	9
1059	335	9
1441	335	10
374	335	11
3671	335	12
3360	335	13
209	335	20
1751	335	23
1594	336	4
939	336	5
1549	336	6
2192	336	6
643	336	6
3414	336	8
2354	336	9
2329	336	9
3302	336	9
1397	336	13
3576	336	16
1552	336	18
3562	337	4
1318	337	4
2620	337	5
3528	337	5
3184	337	6
3277	337	7
1933	337	8
1167	337	8
1676	337	10
3648	337	12
3280	337	12
1333	337	13
161	337	13
1783	337	14
948	337	15
333	337	15
453	337	17
2627	338	5
3130	338	5
3100	338	5
2870	338	7
2894	338	7
722	338	8
652	338	8
1034	338	9
918	338	10
2451	338	11
2700	338	11
1133	338	11
256	338	13
2332	338	14
3317	338	15
812	339	5
29	339	6
1891	339	6
775	339	11
2299	339	11
1351	340	4
3545	340	4
2574	340	5
2699	340	6
254	340	9
365	340	12
311	340	12
3749	340	14
3602	340	15
844	341	4
377	341	4
3600	341	5
3139	341	5
2345	341	7
219	341	9
999	341	9
495	341	11
1577	341	15
856	341	18
987	341	27
828	342	4
1060	342	4
906	342	4
1784	342	4
3258	342	5
2420	342	5
3381	342	5
1800	342	6
651	342	8
2799	342	10
420	342	11
227	342	12
981	342	13
1833	342	13
2068	342	15
623	342	18
1230	342	22
3463	342	25
511	343	4
2055	343	5
2195	343	5
718	343	6
2629	343	8
1457	343	9
199	343	11
2129	343	12
2002	343	12
3722	343	12
3423	343	13
3131	343	17
3732	344	4
526	344	4
2749	344	7
1050	344	8
46	344	8
2147	344	9
967	344	9
1286	344	12
268	344	12
11	344	14
218	344	14
931	344	18
1001	344	23
2108	344	27
2409	345	5
2488	345	7
3475	345	7
2080	345	7
3232	345	8
1348	345	9
1782	345	10
175	345	11
265	345	11
1270	345	12
328	345	13
271	345	13
3217	345	17
3813	345	18
2861	346	4
3233	346	4
1753	346	4
1772	346	4
3090	346	4
2613	346	5
2854	346	6
974	346	7
1559	346	9
645	346	9
783	346	11
171	346	11
962	346	11
924	347	4
654	347	4
575	347	4
3088	347	5
3416	347	5
2678	347	7
3658	347	8
1200	347	9
1900	347	9
3019	347	12
2714	347	13
1455	347	15
2991	348	4
1426	348	4
2985	348	5
1979	348	5
588	348	5
776	348	6
1195	348	7
3480	348	7
474	348	7
933	348	8
403	348	8
1570	348	9
2092	348	10
1363	348	13
1761	348	14
2442	348	14
612	348	14
1699	348	22
743	348	26
3334	349	5
2524	349	5
1192	349	7
1525	349	7
2266	349	9
142	349	9
441	349	12
2999	349	13
2197	349	13
3003	349	13
1485	349	14
1557	349	16
1514	349	19
3260	349	20
1016	349	21
3400	349	23
3046	350	4
1617	350	4
3717	350	4
1789	350	4
3016	350	5
3107	350	6
207	350	8
1569	350	8
388	350	9
1555	350	10
409	350	11
863	350	13
97	350	14
2775	350	17
2216	350	25